Model="ModelA"
Type="PMX2.0-utf16"
Ver= 1.12 
LTY= 11.7694 
  MTH= 0 0.00207122 0 
  HED= 0 17.5516 -0.1184 
  NEK= 0 16.744 -0.10995 
  UB2= 0 14.3025 -0.46422 
  UB1= 0 13.2126 -0.51218 
  GRV= 0 8.60477 0 
  CTR= 0 8.40477 0 
  LB1= -4.52623e-07 13.154 -0.51217 
  WST= 0 12.3232 0.263079 
  LSL= 0.23488 16.4642 -0.14749 
  LUA= 1.09359 16.2444 -0.13529 
  LAT= 0.793942 -0.607506 0.0243513 
  LLA= 3.27171 14.5777 -0.10224 
  LWT= 0.79624 -0.604708 -0.0181598 
  LW= 5.19174 13.1196 -0.14603 
  LHT= 5.61637 12.365 -0.12219 
  RSL= -0.23488 16.4642 -0.14749 
  RUA= -1.09359 16.2444 -0.13529 
  RAT= -0.793925 -0.607494 0.0251857 
  RLA= -3.27171 14.5777 -0.10224 
  RWT= -0.79624 -0.604708 -0.0181598 
  RW= -5.19174 13.1196 -0.14603 
  RHT= -5.61637 12.365 -0.12219 
  LTP= 5.24909 12.9061 -0.26706 
  LTI= 5.48482 12.5634 -0.57503 
  LTD= 5.63541 12.3862 -0.643064 
  LTT= 5.81301 11.7955 -0.727215 
  LIP= 5.88629 12.5471 -0.394177 
  LII= 6.18576 12.2938 -0.393378 
  LID= 6.33228 12.1726 -0.398688 
  LIT= 6.48304 11.6446 -0.391765 
  LMP= 5.9133 12.5809 -0.199771 
  LMI= 6.24202 12.2896 -0.190273 
  LMD= 6.42206 12.1335 -0.192443 
  LMT= 6.58639 11.6063 -0.209595 
  LRP= 5.8614 12.5976 -0.0026885 
  LRI= 6.17271 12.3257 -0.0161885 
  LRD= 6.34385 12.1804 -0.0215985 
  LRT= 6.4937 11.6575 -0.0412952 
  LLP= 5.77836 12.5804 0.16238 
  LLI= 6.03877 12.3646 0.14654 
  LLD= 6.16512 12.277 0.13973 
  LLT= 6.29022 11.755 0.121625 
  RTP= -5.24909 12.906 -0.26706 
  RTI= -5.48853 12.5532 -0.56087 
  RTD= -5.63541 12.3862 -0.643064 
  RTT= -5.81301 11.7955 -0.727215 
  RIP= -5.88629 12.5471 -0.394177 
  RII= -6.18576 12.2938 -0.393378 
  RID= -6.33228 12.1726 -0.398688 
  RIT= -6.48304 11.6446 -0.391765 
  RMP= -5.9133 12.5809 -0.199771 
  RMI= -6.24202 12.2896 -0.190273 
  RMD= -6.42206 12.1335 -0.192443 
  RMT= -6.58639 11.6063 -0.209595 
  RRP= -5.8614 12.5976 -0.00268851 
  RRI= -6.17271 12.3257 -0.0161885 
  RRD= -6.34385 12.1804 -0.0215985 
  RRT= -6.4937 11.6575 -0.0412953 
  RLP= -5.77836 12.5804 0.16238 
  RLI= -6.03877 12.3646 0.14654 
  RLD= -6.16512 12.277 0.13973 
  RLT= -6.29022 11.755 0.121625 
  LUL= 0.89644 11.7694 -0.33776 
  LLL= 0.878046 6.80099 -0.01749 
  LF= 1.013 1.62475 0.68053 
  LLK= 1.013 1.62475 0.68053 
  LLKP= 1.013 0 0.68053 
  LFK= 1.013 0.00606231 -1.14298 
  RUL= -0.89644 11.7694 -0.33776 
  RLL= -0.854508 6.83194 -0.01749 
  RF= -1.013 1.62475 0.68053 
  RLK= -1.013 1.62475 0.68053 
  RLKP= -1.013 0 0.68053 
  RFK= -1.013 0.00606231 -1.14298 
